80227115
80199682
80994127
80113669
70138801
70243570
80189853
81018234
70260512
70205012
80179798
80095241
80005873
80049275
80006146
81028712
70262786
80175350
80234491
60023642
70106454
70019058
80132274
81004514
80198505
80180373
80198623
80180376
81285995
81033473
80150290
80194880
80202539
81018295
81172267
81208936
80245713
80152350
80994878
80011621
80239482
70060010
80236279
70077556
70139072
70020525
81192148
80999067
80208104
80141253
81160765
268776
81016328
81024153
80184771
80243541
81172901
80151962
